8.50 20
8.65 20
8.80 20
8.95 20
9.10 20
9.25 20
9.40 20
9.55 20
9.70 20
9.85 20
10.00 20
10.15 20
10.30 20
10.45 20
10.60 20
10.75 20
10.90 20
11.05 20
11.20 20
11.35 20
11.50 20
11.65 20
11.80 20
11.95 20
12.10 20
12.25 20
12.40 20
12.55 20
12.70 20
12.85 20
13.00 20
8.50 0.1
8.65 0.1
8.80 0.1
8.95 0.1
9.10 0.1
9.25 0.1
9.40 0.1
9.55 0.1
9.70 0.1
9.85 0.1
10.00 0.1
10.15 0.1
10.30 0.1
10.45 0.1
10.60 0.1
10.75 0.1
10.90 0.1
11.05 0.1
11.20 0.1
11.35 0.1
11.50 0.1
11.65 0.1
11.80 0.1
11.95 0.1
12.10 0.1
12.25 0.1
12.40 0.1
12.55 0.1
12.70 0.1
12.85 0.1
13.00 0.1
